L.s2.detmap =
      31    7     0    15     1  250
      31    6     0    15    17  250
      4    11    16    31     1  1877
      4    11     0    15    17  1877
L.s2.npaddles = 16
L.s2.position = -0.121  0  3.179
L.s2.size = 2.236  0.432  0.05
L.s2.L.off =  1624.5 1515.98  1520.44  1517.33  1520.06  1519.82  1521.22  1522.56  1520.1  1519.14  1520.16  1514.22  1515.84  1515.93  1519.71 1632.5
L.s2.R.off = 1565.6 1576.54  1572.45  1575.92  1577.13  1574.53  1577.68  1576.04  1577.11  1578.08  1578.3  1577.44  1577.32  1577.86  1576.93  1570.6
L.s2.L.ped = 4416.29  5941.13  5437.01  5439.46  5491.57  6589.26  5294.37  4758.07  5806.53  5295.60  6195.73  6674.53  6053.17  6688.51  5333.08  5465.64
L.s2.R.ped = 4581.82  5980.98  4146.58  4511.03  6754.25  6157.71  4244.27  5065.02  5966.62  5238.73  5737.39  4338.58  6677.55  5762.80  5562.49  5002.27
L.s2.L.gain = 1.18896 1.24453  1.15890 1.14130 1.09840 1.08652 1.01429  0.96631 0.93514 1.08294 1.04692 1.04651  1.04281 1.03612 1.04953  1.03492
L.s2.R.gain =  1.35426 1.23134 1.16271 1.07575  1.19397 1.15362  1.07106 1.14940  1.29760 1.11916 1.04035 1.23951  1.09194 1.07658 1.02342  0.94863
L.s2.avgres = 1e-10
L.s2.atten = 0.7
L.s2.Cn = 1.26193e+08
L.s2.MIP = 1e+10
L.s2.tdc.res = 5e-10
L.s2.timewalk_params =
   0  0  0  0  0  0  0  0  0  0  0  0  0  0  0  0
   0  0  0  0  0  0  0  0  0  0  0  0  0  0  0  0
L.s2.retiming_offsets = 0  0  0  0  0  0  0  0  0  0  0  0  0  0  0  0
L.s2.NPED = 15
L.s2.NSA = 55
L.s2.NSB = 0
L.s2.Win = 55
L.s2.TFlag = 0


